image: ./students03.png
resolution: 0.050000
origin: [0.0771905, -0.1193299, 0.000000]
negate: 0
occupied_thresh: 0.65
free_thresh: 0.196

