image: maze1.pgm
resolution: 0.075000
origin: [-0.034787, -0.007872, 0.000000]
negate: 0
occupied_thresh: 0.65
free_thresh: 0.196

