image: maze2.pgm
resolution: 0.075000
origin: [-3.901942, -3.898338, 0.000000]
negate: 0
occupied_thresh: 0.65
free_thresh: 0.196

