image: maze3.pgm
resolution: 0.075000
origin: [-0.031320, -0.051437, 0.000000]
negate: 0
occupied_thresh: 0.65
free_thresh: 0.196

